56 85 337 3
79 82 327 2
80 126 347 2
84 120 341 2
53 120 336 1
45 -26 183 3
67 153 355 3
23 147 344 3
31 130 323 2
57 175 366 2
19 141 329 3
96 152 340 1
25 169 349 2
86 147 327 2
82 155 334 3
15 174 352 3
50 172 349 3
61 164 335 2
77 163 334 1
13 198 367 1
74 168 333 3
92 175 340 1
70 153 317 1
14 158 319 3
32 211 370 3
60 168 327 1
11 197 351 3
66 186 340 2
5 201 353 1
72 190 341 2
4 191 335 3
51 167 306 1
21 188 326 1
75 11 145 1
89 223 356 3
99 196 329 3
16 193 324 1
17 67 193 1
87 89 213 2
35 201 322 2
90 198 316 1
62 199 316 3
52 244 359 2
26 147 259 3
59 103 215 3
58 230 341 1
71 100 211 3
22 128 222 2
54 90 183 3
93 246 338 2
28 75 166 2
8 90 179 2
40 62 145 3
3 62 138 2
6 267 342 3
68 117 192 1
38 128 201 3
63 184 257 3
83 85 158 1
43 90 159 1
7 102 166 3
37 122 173 3
27 89 139 1
55 128 178 2
73 83 132 3
47 163 210 3
78 141 188 1
81 132 177 3
95 109 150 2
9 155 193 3
49 160 198 3
46 94 131 1
42 133 169 3
98 128 162 2
88 92 125 1
36 126 157 3
24 148 178 2
29 124 154 2
33 82 109 1
91 112 138 3
12 118 143 2
2 161 184 3
76 155 177 3
34 148 169 3
94 150 166 3
65 72 82 2
10 84 93 1
30 180 189 3
20 150 157 3
39 142 148 1
1 102 107 1
64 184 189 1
41 132 136 3
69 160 164 3
48 121 124 3
97 106 109 1
18 160 162 3
44 197 199 1
85 153 155 2
